=== Stats: Cooling (5_Objs) ===
Scenario  NSGA-II_Pure  NT_1st_Obj_Elitism  NT_All_Objs_Elitism  NT_Ideal_Cand_Elitism  NT_NSGA-II  NT_No_Elitism  NT_Rank_CD_Elitism
count        30.000000           30.000000            30.000000              30.000000   30.000000      30.000000           30.000000
mean          9.567628            4.557779             4.536117               9.567628    9.567628      10.149897           10.196203
std           0.208344            0.175806             0.212434               0.208344    0.208344       0.970312            0.809287
min           9.036614            4.165271             4.030739               9.036614    9.036614       9.036614            9.325599
25%           9.431427            4.478392             4.409568               9.431427    9.431427       9.484388            9.620372
50%           9.546032            4.556172             4.544912               9.546032    9.546032       9.690082            9.785276
75%           9.770463            4.630632             4.653992               9.770463    9.770463      11.201308           11.092699
max           9.904694            5.000828             5.000828               9.904694    9.904694      11.994072           11.723358

Friedman Test:
Statistic: 145.1885, p-value: 0.000000

Significant differences found. Nemenyi Post-Hoc:
                       NSGA-II_Pure  NT_1st_Obj_Elitism  NT_All_Objs_Elitism  NT_Ideal_Cand_Elitism    NT_NSGA-II  NT_No_Elitism  NT_Rank_CD_Elitism
NSGA-II_Pure           1.000000e+00        1.895014e-08         2.752868e-08           1.000000e+00  1.000000e+00   9.969018e-01        7.485906e-01
NT_1st_Obj_Elitism     1.895014e-08        1.000000e+00         1.000000e+00           1.895014e-08  1.895014e-08   6.769839e-07        5.344614e-13
NT_All_Objs_Elitism    2.752868e-08        1.000000e+00         1.000000e+00           2.752868e-08  2.752868e-08   9.493990e-07        8.476553e-13
NT_Ideal_Cand_Elitism  1.000000e+00        1.895014e-08         2.752868e-08           1.000000e+00  1.000000e+00   9.969018e-01        7.485906e-01
NT_NSGA-II             1.000000e+00        1.895014e-08         2.752868e-08           1.000000e+00  1.000000e+00   9.969018e-01        7.485906e-01
NT_No_Elitism          9.969018e-01        6.769839e-07         9.493990e-07           9.969018e-01  9.969018e-01   1.000000e+00        3.575197e-01
NT_Rank_CD_Elitism     7.485906e-01        5.344614e-13         8.476553e-13           7.485906e-01  7.485906e-01   3.575197e-01        1.000000e+00