=== Stats: Cooling (5_Objs) ===
Scenario  NSGA-II_Pure  NT_1st_Obj_Elitism  NT_All_Objs_Elitism  NT_Ideal_Cand_Elitism  NT_NSGA-II  NT_No_Elitism  NT_Rank_CD_Elitism
count        30.000000           30.000000            30.000000              30.000000   30.000000      30.000000           30.000000
mean          4.328393            4.557779             4.536117               9.238108    4.587625       9.156742            7.739301
std           0.316591            0.175806             0.212434               0.718071    0.205304       1.749353            2.363495
min           3.775490            4.165271             4.030739               7.253242    4.169027       5.420882            4.273808
25%           4.020492            4.478392             4.409568               9.318570    4.461638       8.857826            4.687062
50%           4.375792            4.556172             4.544912               9.483415    4.552058       9.485024            9.389990
75%           4.584874            4.630632             4.653992               9.640284    4.743095       9.721104            9.748589
max           4.892997            5.000828             5.000828               9.904694    4.943788      11.994072           10.073948

Friedman Test:
Statistic: 135.9049, p-value: 0.000000

Significant differences found. Nemenyi Post-Hoc:
                       NSGA-II_Pure  NT_1st_Obj_Elitism  NT_All_Objs_Elitism  NT_Ideal_Cand_Elitism    NT_NSGA-II  NT_No_Elitism  NT_Rank_CD_Elitism
NSGA-II_Pure           1.000000e+00        5.936382e-01         6.138975e-01           8.160139e-14  3.575197e-01   2.989209e-11        6.052622e-09
NT_1st_Obj_Elitism     5.936382e-01        1.000000e+00         1.000000e+00           1.895014e-08  9.998330e-01   1.847446e-06        9.865991e-05
NT_All_Objs_Elitism    6.138975e-01        1.000000e+00         1.000000e+00           1.570196e-08  9.997338e-01   1.566278e-06        8.562973e-05
NT_Ideal_Cand_Elitism  8.160139e-14        1.895014e-08         1.570196e-08           1.000000e+00  1.689464e-07   9.871712e-01        7.119017e-01
NT_NSGA-II             3.575197e-01        9.998330e-01         9.997338e-01           1.689464e-07  1.000000e+00   1.249698e-05        5.021151e-04
NT_No_Elitism          2.989209e-11        1.847446e-06         1.566278e-06           9.871712e-01  1.249698e-05   1.000000e+00        9.871712e-01
NT_Rank_CD_Elitism     6.052622e-09        9.865991e-05         8.562973e-05           7.119017e-01  5.021151e-04   9.871712e-01        1.000000e+00