=== Stats: Toxicity (3_Objs) ===
Scenario  NSGA-II_Pure  NT_1st_Obj_Elitism  NT_All_Objs_Elitism  NT_Ideal_Cand_Elitism   NT_NSGA-II  NT_No_Elitism  NT_Rank_CD_Elitism
count        30.000000           30.000000            30.000000              30.000000    30.000000      30.000000           30.000000
mean       2314.939864         2029.190011          2037.123259            2118.071383  2045.660331    2328.510856         2176.451794
std        1020.951360          200.730325           206.797357             207.743103   207.953260     306.907052          256.011452
min        1685.573364         1654.573120          1658.560913            1624.194458  1711.395508    1658.560913         1798.855103
25%        1956.522034         1883.804200          1851.401184            2004.367126  1896.403381    2165.594544         2021.473450
50%        2095.820434         2012.770386          2047.916260            2093.071412  2041.891784    2272.955933         2128.264649
75%        2292.575928         2152.406982          2199.059082            2236.831543  2166.320312    2535.090759         2291.313782
max        7450.179199         2523.469727          2523.469727            2649.368164  2552.097656    3002.717773         2820.458496

Friedman Test:
Statistic: 93.3297, p-value: 0.000000

Significant differences found. Nemenyi Post-Hoc:
                       NSGA-II_Pure  NT_1st_Obj_Elitism  NT_All_Objs_Elitism  NT_Ideal_Cand_Elitism    NT_NSGA-II  NT_No_Elitism  NT_Rank_CD_Elitism
NSGA-II_Pure               1.000000        5.763138e-02         1.778883e-01               0.783266  3.224488e-01   1.975570e-04            0.258168
NT_1st_Obj_Elitism         0.057631        1.000000e+00         9.993915e-01               0.000296  9.895719e-01   5.176970e-12            0.000005
NT_All_Objs_Elitism        0.177888        9.993915e-01         1.000000e+00               0.001978  9.999426e-01   1.323860e-10            0.000048
NT_Ideal_Cand_Elitism      0.783266        2.963232e-04         1.978325e-03               1.000000  6.203419e-03   4.454720e-02            0.981140
NT_NSGA-II                 0.322449        9.895719e-01         9.999426e-01               0.006203  1.000000e+00   1.029725e-09            0.000198
NT_No_Elitism              0.000198        5.176970e-12         1.323860e-10               0.044547  1.029725e-09   1.000000e+00            0.322449
NT_Rank_CD_Elitism         0.258168        4.882860e-06         4.814702e-05               0.981140  1.975570e-04   3.224488e-01            1.000000