=== Stats: Cooling (3_Objs) ===
Scenario  NSGA-II_Pure  NT_1st_Obj_Elitism  NT_All_Objs_Elitism  NT_Ideal_Cand_Elitism  NT_NSGA-II  NT_No_Elitism  NT_Rank_CD_Elitism
count        30.000000           30.000000            30.000000              30.000000   30.000000      30.000000           30.000000
mean          9.567628            4.555969             4.551608               9.567628    9.567628       9.532546            9.567628
std           0.208344            0.198932             0.215684               0.208344    0.208344       0.193758            0.208344
min           9.036614            4.030739             4.030739               9.036614    9.036614       9.036614            9.036614
25%           9.431427            4.432483             4.445112               9.431427    9.431427       9.390552            9.431427
50%           9.546032            4.540879             4.526102               9.546032    9.546032       9.537657            9.546032
75%           9.770463            4.663027             4.667467               9.770463    9.770463       9.697350            9.770463
max           9.904694            5.000828             5.000828               9.904694    9.904694       9.833115            9.904694

Friedman Test:
Statistic: 167.9260, p-value: 0.000000

Significant differences found. Nemenyi Post-Hoc:
                       NSGA-II_Pure  NT_1st_Obj_Elitism  NT_All_Objs_Elitism  NT_Ideal_Cand_Elitism    NT_NSGA-II  NT_No_Elitism  NT_Rank_CD_Elitism
NSGA-II_Pure           1.000000e+00        3.732874e-10         2.472326e-10           1.000000e+00  1.000000e+00       0.202439        1.000000e+00
NT_1st_Obj_Elitism     3.732874e-10        1.000000e+00         1.000000e+00           3.732874e-10  3.732874e-10       0.000296        3.732874e-10
NT_All_Objs_Elitism    2.472326e-10        1.000000e+00         1.000000e+00           2.472326e-10  2.472326e-10       0.000226        2.472326e-10
NT_Ideal_Cand_Elitism  1.000000e+00        3.732874e-10         2.472326e-10           1.000000e+00  1.000000e+00       0.202439        1.000000e+00
NT_NSGA-II             1.000000e+00        3.732874e-10         2.472326e-10           1.000000e+00  1.000000e+00       0.202439        1.000000e+00
NT_No_Elitism          2.024388e-01        2.963232e-04         2.263552e-04           2.024388e-01  2.024388e-01       1.000000        2.024388e-01
NT_Rank_CD_Elitism     1.000000e+00        3.732874e-10         2.472326e-10           1.000000e+00  1.000000e+00       0.202439        1.000000e+00