=== Stats: Toxicity (2_Objs) ===
Scenario  NSGA-II_Pure  NT_1st_Obj_Elitism  NT_All_Objs_Elitism  NT_Ideal_Cand_Elitism   NT_NSGA-II  NT_No_Elitism  NT_Rank_CD_Elitism
count        30.000000           30.000000            30.000000              30.000000    30.000000      30.000000           30.000000
mean       2159.117977         2067.871208          2038.209855            2178.706278  2169.984367    2299.319519         2211.187349
std         229.466142          203.888847           208.537658             219.689180   231.495551     293.005609          247.262347
min        1684.777832         1614.025879          1630.473511            1799.734131  1624.194458    1715.889526         1799.734131
25%        2023.759704         1908.145752          1880.675568            2014.796692  2050.776306    2138.836548         2047.170044
50%        2183.134400         2037.334411          2030.759033            2219.854126  2192.577881    2326.390992         2217.458741
75%        2287.931214         2211.837890          2202.516357            2331.936767  2317.423096    2484.246155         2343.374390
max        2716.852539         2592.401855          2459.741699            2642.259277  2584.136719    2996.624023         2830.764160

Friedman Test:
Statistic: 101.8477, p-value: 0.000000

Significant differences found. Nemenyi Post-Hoc:
                       NSGA-II_Pure  NT_1st_Obj_Elitism  NT_All_Objs_Elitism  NT_Ideal_Cand_Elitism  NT_NSGA-II  NT_No_Elitism  NT_Rank_CD_Elitism
NSGA-II_Pure               1.000000        7.701812e-03         2.667884e-05               0.999391    1.000000   4.449790e-03        9.571545e-01
NT_1st_Obj_Elitism         0.007702        1.000000e+00         8.453309e-01               0.001377    0.010572   1.252742e-11        1.306081e-04
NT_All_Objs_Elitism        0.000027        8.453309e-01         1.000000e+00               0.000003    0.000042   3.330669e-16        1.183621e-07
NT_Ideal_Cand_Elitism      0.999391        1.377061e-03         2.563419e-06               1.000000    0.998282   2.132905e-02        9.982817e-01
NT_NSGA-II                 1.000000        1.057172e-02         4.159700e-05               0.998282    1.000000   3.162830e-03        9.353295e-01
NT_No_Elitism              0.004450        1.252742e-11         3.330669e-16               0.021329    0.003163   1.000000e+00        1.008845e-01
NT_Rank_CD_Elitism         0.957155        1.306081e-04         1.183621e-07               0.998282    0.935329   1.008845e-01        1.000000e+00