=== Stats: Boston (2_Objs) ===
Scenario  NSGA-II_Pure  NT_1st_Obj_Elitism  NT_All_Objs_Elitism  NT_Ideal_Cand_Elitism  NT_NSGA-II  NT_No_Elitism  NT_Rank_CD_Elitism
count        30.000000           30.000000            30.000000              30.000000   30.000000      30.000000           30.000000
mean          6.476693            7.281692             7.224099               9.401128    7.140659      10.259440            9.401128
std           0.607799            0.595580             0.612581               0.924219    0.829612       0.845985            0.924219
min           5.437508            5.977352             5.977352               7.483633    5.433968       8.497751            7.483633
25%           5.921808            6.889025             6.842767               8.822296    6.676714       9.789507            8.822296
50%           6.537261            7.220220             7.138421               9.487978    7.153226      10.388330            9.487978
75%           7.077543            7.742565             7.676558              10.127951    7.650548      10.920488           10.127951
max           7.432676            8.380668             8.380668              11.249656    8.673406      11.942894           11.249656

Friedman Test:
Statistic: 144.3821, p-value: 0.000000

Significant differences found. Nemenyi Post-Hoc:
                       NSGA-II_Pure  NT_1st_Obj_Elitism  NT_All_Objs_Elitism  NT_Ideal_Cand_Elitism    NT_NSGA-II  NT_No_Elitism  NT_Rank_CD_Elitism
NSGA-II_Pure           1.000000e+00        8.648281e-02         9.346269e-02           2.408262e-11  3.757102e-01   0.000000e+00        2.408262e-11
NT_1st_Obj_Elitism     8.648281e-02        1.000000e+00         1.000000e+00           2.591086e-04  9.933314e-01   2.282481e-09        2.591086e-04
NT_All_Objs_Elitism    9.346269e-02        1.000000e+00         1.000000e+00           2.263552e-04  9.947630e-01   1.873083e-09        2.263552e-04
NT_Ideal_Cand_Elitism  2.408262e-11        2.591086e-04         2.263552e-04           1.000000e+00  9.168952e-06   3.575197e-01        1.000000e+00
NT_NSGA-II             3.757102e-01        9.933314e-01         9.947630e-01           9.168952e-06  1.000000e+00   1.938538e-11        9.168952e-06
NT_No_Elitism          0.000000e+00        2.282481e-09         1.873083e-09           3.575197e-01  1.938538e-11   1.000000e+00        3.575197e-01
NT_Rank_CD_Elitism     2.408262e-11        2.591086e-04         2.263552e-04           1.000000e+00  9.168952e-06   3.575197e-01        1.000000e+00