=== Stats: Toxicity (5_Objs) ===
Scenario  NSGA-II_Pure  NT_1st_Obj_Elitism  NT_All_Objs_Elitism  NT_Ideal_Cand_Elitism   NT_NSGA-II  NT_No_Elitism  NT_Rank_CD_Elitism
count        30.000000           30.000000            30.000000              30.000000    30.000000      30.000000           30.000000
mean       2546.767598         2029.085144          2035.961129            2546.767607  2546.767598    2546.767607         2546.767607
std         291.801381          205.174265           201.102124             291.801367   291.801381     291.801367          291.801367
min        1960.242798         1658.560913          1670.966309            1960.242798  1960.242798    1960.242798         1960.242798
25%        2371.020691         1847.974030          1849.440460            2371.020691  2371.020691    2371.020691         2371.020691
50%        2575.415772         2054.130066          2064.317138            2575.415772  2575.415772    2575.415772         2575.415772
75%        2724.234314         2172.580627          2174.114136            2724.234314  2724.234314    2724.234314         2724.234314
max        3228.425293         2492.498779          2523.469727            3228.425293  3228.425293    3228.425293         3228.425293

Friedman Test:
Statistic: 174.5635, p-value: 0.000000

Significant differences found. Nemenyi Post-Hoc:
                       NSGA-II_Pure  NT_1st_Obj_Elitism  NT_All_Objs_Elitism  NT_Ideal_Cand_Elitism    NT_NSGA-II  NT_No_Elitism  NT_Rank_CD_Elitism
NSGA-II_Pure           1.000000e+00        2.282481e-09         6.895111e-08           9.999991e-01  1.000000e+00   9.999991e-01        9.999991e-01
NT_1st_Obj_Elitism     2.282481e-09        1.000000e+00         9.982817e-01           8.420685e-10  2.282481e-09   8.420685e-10        8.420685e-10
NT_All_Objs_Elitism    6.895111e-08        9.982817e-01         1.000000e+00           2.752868e-08  6.895111e-08   2.752868e-08        2.752868e-08
NT_Ideal_Cand_Elitism  9.999991e-01        8.420685e-10         2.752868e-08           1.000000e+00  9.999991e-01   1.000000e+00        1.000000e+00
NT_NSGA-II             1.000000e+00        2.282481e-09         6.895111e-08           9.999991e-01  1.000000e+00   9.999991e-01        9.999991e-01
NT_No_Elitism          9.999991e-01        8.420685e-10         2.752868e-08           1.000000e+00  9.999991e-01   1.000000e+00        1.000000e+00
NT_Rank_CD_Elitism     9.999991e-01        8.420685e-10         2.752868e-08           1.000000e+00  9.999991e-01   1.000000e+00        1.000000e+00