=== Stats: Cooling (2_Objs) ===
Scenario  NSGA-II_Pure  NT_1st_Obj_Elitism  NT_All_Objs_Elitism  NT_Ideal_Cand_Elitism  NT_NSGA-II  NT_No_Elitism  NT_Rank_CD_Elitism
count        30.000000           30.000000            30.000000              30.000000   30.000000      30.000000           30.000000
mean          4.026304            4.498345             4.477874               4.555969    4.213052       9.347014            4.555969
std           0.255080            0.298859             0.237929               0.198932    0.350648       0.546310            0.198932
min           3.387117            3.854609             3.709270               4.030739    3.517912       7.616212            4.030739
25%           3.849727            4.304696             4.365296               4.432483    4.014900       9.360268            4.432483
50%           4.007024            4.519571             4.448165               4.540879    4.164096       9.497090            4.540879
75%           4.205514            4.687870             4.653992               4.663027    4.432593       9.674000            4.663027
max           4.606163            5.000828             4.943788               5.000828    4.917301       9.833115            5.000828

Friedman Test:
Statistic: 144.6831, p-value: 0.000000

Significant differences found. Nemenyi Post-Hoc:
                       NSGA-II_Pure  NT_1st_Obj_Elitism  NT_All_Objs_Elitism  NT_Ideal_Cand_Elitism    NT_NSGA-II  NT_No_Elitism  NT_Rank_CD_Elitism
NSGA-II_Pure           1.000000e+00        1.500657e-04         1.722619e-04           3.313598e-08  9.432889e-01   0.000000e+00        3.313598e-08
NT_1st_Obj_Elitism     1.500657e-04        1.000000e+00         1.000000e+00           7.119017e-01  1.057172e-02   9.493990e-07        7.119017e-01
NT_All_Objs_Elitism    1.722619e-04        1.000000e+00         1.000000e+00           6.929173e-01  1.172422e-02   8.020580e-07        6.929173e-01
NT_Ideal_Cand_Elitism  3.313598e-08        7.119017e-01         6.929173e-01           1.000000e+00  1.249698e-05   1.754997e-03        1.000000e+00
NT_NSGA-II             9.432889e-01        1.057172e-02         1.172422e-02           1.249698e-05  1.000000e+00   1.110223e-16        1.249698e-05
NT_No_Elitism          0.000000e+00        9.493990e-07         8.020580e-07           1.754997e-03  1.110223e-16   1.000000e+00        1.754997e-03
NT_Rank_CD_Elitism     3.313598e-08        7.119017e-01         6.929173e-01           1.000000e+00  1.249698e-05   1.754997e-03        1.000000e+00