MOGP_NSGAII,caab267c-e80c-11f0-a37d-6e001b3eef54,Cooling,74,0,9.490594|3.000000|0.000000,0.9521059989929199,3.0,9.605369|3.000000|0.000000,9.605369|3.000000|0.000000,3,244205207552.000000,N/A,5
MOGP_NSGAII,caab267c-e80c-11f0-a37d-6e001b3eef54,Cooling,74,1,9.490594|3.000000|0.000000,3.9662930965423584,3.0,9.605369|3.000000|0.000000,4.943788|3.000000|1.000000,3,837809.312500,N/A,5
MOGP_NSGAII,caab267c-e80c-11f0-a37d-6e001b3eef54,Cooling,74,2,9.489357|3.000000|0.000000,3.866992950439453,3.0,9.577792|3.000000|0.000000,4.943788|3.000000|1.000000,3,838714.812500,N/A,5
MOGP_NSGAII,caab267c-e80c-11f0-a37d-6e001b3eef54,Cooling,74,3,9.489357|3.000000|0.000000,3.9608399868011475,3.0,9.577792|3.000000|0.000000,4.943788|3.000000|1.000000,3,4.536480,N/A,5
MOGP_NSGAII,caab267c-e80c-11f0-a37d-6e001b3eef54,Cooling,74,4,9.489357|3.000000|0.000000,3.971392869949341,3.0,9.577792|3.000000|0.000000,4.943788|3.000000|1.000000,3,2.418054,N/A,5
MOGP_NSGAII,caab267c-e80c-11f0-a37d-6e001b3eef54,Cooling,74,5,9.489357|3.000000|0.000000,4.049662113189697,3.0,9.577792|3.000000|0.000000,4.943788|3.000000|1.000000,3,1.902398,N/A,5
MOGP_NSGAII,caab267c-e80c-11f0-a37d-6e001b3eef54,Cooling,74,6,9.489357|3.000000|0.000000,4.123255014419556,3.0,9.577792|3.000000|0.000000,4.943788|3.000000|1.000000,3,1.572630,N/A,5
MOGP_NSGAII,caab267c-e80c-11f0-a37d-6e001b3eef54,Cooling,74,7,9.489357|3.000000|0.000000,4.298410177230835,3.0,9.577792|3.000000|0.000000,4.943788|3.000000|1.000000,3,1.301708,N/A,5
MOGP_NSGAII,caab267c-e80c-11f0-a37d-6e001b3eef54,Cooling,74,8,9.489357|3.000000|0.000000,5.410778760910034,3.0,9.577792|3.000000|0.000000,4.943788|3.000000|1.000000,3,1.169499,N/A,5
MOGP_NSGAII,caab267c-e80c-11f0-a37d-6e001b3eef54,Cooling,74,9,9.489357|3.000000|0.000000,8.924146175384521,3.0,9.577792|3.000000|0.000000,4.943788|3.000000|1.000000,3,0.361426,N/A,5
MOGP_NSGAII,caab267c-e80c-11f0-a37d-6e001b3eef54,Cooling,74,10,9.489357|3.000000|0.000000,9.389506816864014,3.0,9.577792|3.000000|0.000000,4.943788|3.000000|1.000000,3,0.361426,N/A,5
MOGP_NSGAII,caab267c-e80c-11f0-a37d-6e001b3eef54,Cooling,74,11,9.489357|3.000000|0.000000,9.776731014251709,3.0,9.577792|3.000000|0.000000,4.943788|3.000000|1.000000,3,0.361426,N/A,5
MOGP_NSGAII,caab267c-e80c-11f0-a37d-6e001b3eef54,Cooling,74,12,9.489357|3.000000|0.000000,9.567014217376709,3.0,9.577792|3.000000|0.000000,4.943788|3.000000|1.000000,3,0.361426,N/A,5
MOGP_NSGAII,caab267c-e80c-11f0-a37d-6e001b3eef54,Cooling,74,13,9.489357|3.000000|0.000000,9.590590000152588,3.0,9.577792|3.000000|0.000000,4.943788|3.000000|1.000000,3,0.361426,N/A,5
MOGP_NSGAII,caab267c-e80c-11f0-a37d-6e001b3eef54,Cooling,74,14,9.489357|3.000000|0.000000,9.52458119392395,3.0,9.577792|3.000000|0.000000,4.943788|3.000000|1.000000,3,0.361426,N/A,5
MOGP_NSGAII,caab267c-e80c-11f0-a37d-6e001b3eef54,Cooling,74,15,9.489357|3.000000|0.000000,9.52509093284607,3.0,9.577792|3.000000|0.000000,4.943788|3.000000|1.000000,3,0.361426,N/A,5
MOGP_NSGAII,caab267c-e80c-11f0-a37d-6e001b3eef54,Cooling,74,16,9.489357|3.000000|0.000000,9.53977084159851,3.0,9.577792|3.000000|0.000000,4.943788|3.000000|1.000000,3,0.361426,N/A,5
MOGP_NSGAII,caab267c-e80c-11f0-a37d-6e001b3eef54,Cooling,74,17,9.489357|3.000000|0.000000,9.345795154571533,3.0,9.577792|3.000000|0.000000,4.943788|3.000000|1.000000,3,0.361426,N/A,5
MOGP_NSGAII,caab267c-e80c-11f0-a37d-6e001b3eef54,Cooling,74,18,9.489357|3.000000|0.000000,9.430638790130615,3.0,9.577792|3.000000|0.000000,4.943788|3.000000|1.000000,3,0.361426,N/A,5
MOGP_NSGAII,caab267c-e80c-11f0-a37d-6e001b3eef54,Cooling,74,19,9.489357|3.000000|0.000000,9.651665925979614,3.0,9.577792|3.000000|0.000000,4.943788|3.000000|1.000000,3,0.361426,N/A,5
MOGP_NSGAII,caab267c-e80c-11f0-a37d-6e001b3eef54,Cooling,74,20,9.489357|3.000000|0.000000,9.713942050933838,3.0,9.577792|3.000000|0.000000,4.943788|3.000000|1.000000,3,0.361426,N/A,5
MOGP_NSGAII,caab267c-e80c-11f0-a37d-6e001b3eef54,Cooling,74,21,9.489357|3.000000|0.000000,9.338062047958374,3.0,9.577792|3.000000|0.000000,4.943788|3.000000|1.000000,3,0.361426,N/A,5
MOGP_NSGAII,caab267c-e80c-11f0-a37d-6e001b3eef54,Cooling,74,22,9.489357|3.000000|0.000000,9.401266098022461,3.0,9.577792|3.000000|0.000000,4.943788|3.000000|1.000000,3,0.361426,N/A,5
MOGP_NSGAII,caab267c-e80c-11f0-a37d-6e001b3eef54,Cooling,74,23,9.489357|3.000000|0.000000,9.489412069320679,3.0,9.577792|3.000000|0.000000,4.943788|3.000000|1.000000,3,0.361426,N/A,5
MOGP_NSGAII,caab267c-e80c-11f0-a37d-6e001b3eef54,Cooling,74,24,9.489357|3.000000|0.000000,9.313041925430298,3.0,9.577792|3.000000|0.000000,4.943788|3.000000|1.000000,3,0.361426,N/A,5
MOGP_NSGAII,caab267c-e80c-11f0-a37d-6e001b3eef54,Cooling,74,25,9.489357|3.000000|0.000000,9.47490668296814,3.0,9.577792|3.000000|0.000000,4.943788|3.000000|1.000000,3,0.361426,N/A,5
MOGP_NSGAII,caab267c-e80c-11f0-a37d-6e001b3eef54,Cooling,74,26,9.489357|3.000000|0.000000,9.454041004180908,3.0,9.577792|3.000000|0.000000,4.943788|3.000000|1.000000,3,0.361426,N/A,5
MOGP_NSGAII,caab267c-e80c-11f0-a37d-6e001b3eef54,Cooling,74,27,9.489357|3.000000|0.000000,9.484915971755981,3.0,9.577792|3.000000|0.000000,4.943788|3.000000|1.000000,3,0.361426,N/A,5
MOGP_NSGAII,caab267c-e80c-11f0-a37d-6e001b3eef54,Cooling,74,28,9.489357|3.000000|0.000000,9.631038904190063,3.0,9.577792|3.000000|0.000000,4.943788|3.000000|1.000000,3,0.361426,N/A,5
MOGP_NSGAII,caab267c-e80c-11f0-a37d-6e001b3eef54,Cooling,74,29,9.489357|3.000000|0.000000,9.53625226020813,3.0,9.577792|3.000000|0.000000,4.943788|3.000000|1.000000,3,0.361426,N/A,5
MOGP_NSGAII,caab267c-e80c-11f0-a37d-6e001b3eef54,Cooling,74,30,9.489357|3.000000|0.000000,9.515089988708496,3.0,9.577792|3.000000|0.000000,4.943788|3.000000|1.000000,3,0.361426,N/A,5
MOGP_NSGAII,caab267c-e80c-11f0-a37d-6e001b3eef54,Cooling,74,31,9.489357|3.000000|0.000000,9.559317111968994,3.0,9.577792|3.000000|0.000000,4.943788|3.000000|1.000000,3,0.361426,N/A,5
MOGP_NSGAII,caab267c-e80c-11f0-a37d-6e001b3eef54,Cooling,74,32,9.489357|3.000000|0.000000,9.656651020050049,3.0,9.577792|3.000000|0.000000,4.943788|3.000000|1.000000,3,0.361426,N/A,5
MOGP_NSGAII,caab267c-e80c-11f0-a37d-6e001b3eef54,Cooling,74,33,9.489357|3.000000|0.000000,9.477307081222534,3.0,9.577792|3.000000|0.000000,4.943788|3.000000|1.000000,3,0.361426,N/A,5
MOGP_NSGAII,caab267c-e80c-11f0-a37d-6e001b3eef54,Cooling,74,34,9.489357|3.000000|0.000000,9.659173011779785,3.0,9.577792|3.000000|0.000000,4.943788|3.000000|1.000000,3,0.361426,N/A,5
MOGP_NSGAII,caab267c-e80c-11f0-a37d-6e001b3eef54,Cooling,74,35,9.489357|3.000000|0.000000,9.338983058929443,3.0,9.577792|3.000000|0.000000,4.943788|3.000000|1.000000,3,0.361426,N/A,5
MOGP_NSGAII,caab267c-e80c-11f0-a37d-6e001b3eef54,Cooling,74,36,9.489357|3.000000|0.000000,9.516183137893677,3.0,9.577792|3.000000|0.000000,4.943788|3.000000|1.000000,3,0.361426,N/A,5
MOGP_NSGAII,caab267c-e80c-11f0-a37d-6e001b3eef54,Cooling,74,37,9.489357|3.000000|0.000000,9.443766832351685,3.0,9.577792|3.000000|0.000000,4.943788|3.000000|1.000000,3,0.361426,N/A,5
MOGP_NSGAII,caab267c-e80c-11f0-a37d-6e001b3eef54,Cooling,74,38,9.489357|3.000000|0.000000,9.733121156692505,3.0,9.577792|3.000000|0.000000,4.943788|3.000000|1.000000,3,0.361426,N/A,5
MOGP_NSGAII,caab267c-e80c-11f0-a37d-6e001b3eef54,Cooling,74,39,9.489357|3.000000|0.000000,9.472035646438599,3.0,9.577792|3.000000|0.000000,4.943788|3.000000|1.000000,3,0.361426,N/A,5
MOGP_NSGAII,caab267c-e80c-11f0-a37d-6e001b3eef54,Cooling,74,40,9.489357|3.000000|0.000000,9.226993083953857,3.0,9.577792|3.000000|0.000000,4.943788|3.000000|1.000000,3,0.361426,N/A,5
MOGP_NSGAII,caab267c-e80c-11f0-a37d-6e001b3eef54,Cooling,74,41,9.489357|3.000000|0.000000,9.592413902282715,3.0,9.577792|3.000000|0.000000,4.943788|3.000000|1.000000,3,0.361426,N/A,5
MOGP_NSGAII,caab267c-e80c-11f0-a37d-6e001b3eef54,Cooling,74,42,9.489357|3.000000|0.000000,9.589473009109497,3.0,9.577792|3.000000|0.000000,4.943788|3.000000|1.000000,3,0.361426,N/A,5
MOGP_NSGAII,caab267c-e80c-11f0-a37d-6e001b3eef54,Cooling,74,43,9.489357|3.000000|0.000000,9.552111864089966,3.0,9.577792|3.000000|0.000000,4.943788|3.000000|1.000000,3,0.361426,N/A,5
MOGP_NSGAII,caab267c-e80c-11f0-a37d-6e001b3eef54,Cooling,74,44,9.489357|3.000000|0.000000,9.611603021621704,3.0,9.577792|3.000000|0.000000,4.943788|3.000000|1.000000,3,0.361426,N/A,5
MOGP_NSGAII,caab267c-e80c-11f0-a37d-6e001b3eef54,Cooling,74,45,9.489357|3.000000|0.000000,9.496690273284912,3.0,9.577792|3.000000|0.000000,4.943788|3.000000|1.000000,3,0.361426,N/A,5
MOGP_NSGAII,caab267c-e80c-11f0-a37d-6e001b3eef54,Cooling,74,46,9.489357|3.000000|0.000000,9.290857076644897,3.0,9.577792|3.000000|0.000000,4.943788|3.000000|1.000000,3,0.361426,N/A,5
MOGP_NSGAII,caab267c-e80c-11f0-a37d-6e001b3eef54,Cooling,74,47,9.489357|3.000000|0.000000,9.654013872146606,3.0,9.577792|3.000000|0.000000,4.943788|3.000000|1.000000,3,0.361426,N/A,5
MOGP_NSGAII,caab267c-e80c-11f0-a37d-6e001b3eef54,Cooling,74,48,9.489357|3.000000|0.000000,9.312294006347656,3.0,9.577792|3.000000|0.000000,4.943788|3.000000|1.000000,3,0.361426,N/A,5
MOGP_NSGAII,caab267c-e80c-11f0-a37d-6e001b3eef54,Cooling,74,49,9.489357|3.000000|0.000000,9.430693864822388,3.0,9.577792|3.000000|0.000000,4.943788|3.000000|1.000000,3,0.361426,N/A,5
MOGP_NSGAII,caab267c-e80c-11f0-a37d-6e001b3eef54,Cooling,74,50,9.489357|3.000000|0.000000,9.455610990524292,3.0,9.577792|3.000000|0.000000,4.943788|3.000000|1.000000,3,0.361426,N/A,5
MOGP_NSGAII,caab267c-e80c-11f0-a37d-6e001b3eef54,Cooling,74,51,9.489357|3.000000|0.000000,9.273730993270874,3.0,9.577792|3.000000|0.000000,4.943788|3.000000|1.000000,3,0.361426,N/A,5
MOGP_NSGAII,caab267c-e80c-11f0-a37d-6e001b3eef54,Cooling,74,52,9.489357|3.000000|0.000000,9.53908395767212,3.0,9.577792|3.000000|0.000000,4.943788|3.000000|1.000000,3,0.361426,N/A,5
MOGP_NSGAII,caab267c-e80c-11f0-a37d-6e001b3eef54,Cooling,74,53,9.489357|3.000000|0.000000,9.309026718139648,3.0,9.577792|3.000000|0.000000,4.943788|3.000000|1.000000,3,0.361426,N/A,5
MOGP_NSGAII,caab267c-e80c-11f0-a37d-6e001b3eef54,Cooling,74,54,9.489357|3.000000|0.000000,9.438597202301025,3.0,9.577792|3.000000|0.000000,4.943788|3.000000|1.000000,3,0.361426,N/A,5
MOGP_NSGAII,caab267c-e80c-11f0-a37d-6e001b3eef54,Cooling,74,55,9.489357|3.000000|0.000000,9.371623039245605,3.0,9.577792|3.000000|0.000000,4.943788|3.000000|1.000000,3,0.361426,N/A,5
MOGP_NSGAII,caab267c-e80c-11f0-a37d-6e001b3eef54,Cooling,74,56,9.489357|3.000000|0.000000,9.41744089126587,3.0,9.577792|3.000000|0.000000,4.943788|3.000000|1.000000,3,0.361426,N/A,5
MOGP_NSGAII,caab267c-e80c-11f0-a37d-6e001b3eef54,Cooling,74,57,9.489357|3.000000|0.000000,9.544262886047363,3.0,9.577792|3.000000|0.000000,4.943788|3.000000|1.000000,3,0.361426,N/A,5
MOGP_NSGAII,caab267c-e80c-11f0-a37d-6e001b3eef54,Cooling,74,58,9.489357|3.000000|0.000000,9.4426109790802,3.0,9.577792|3.000000|0.000000,4.943788|3.000000|1.000000,3,0.361426,N/A,5
MOGP_NSGAII,caab267c-e80c-11f0-a37d-6e001b3eef54,Cooling,74,59,9.489357|3.000000|0.000000,9.521557092666626,3.0,9.577792|3.000000|0.000000,4.943788|3.000000|1.000000,3,0.361426,N/A,5
MOGP_NSGAII,caab267c-e80c-11f0-a37d-6e001b3eef54,Cooling,74,60,9.489357|3.000000|0.000000,9.410132884979248,3.0,9.577792|3.000000|0.000000,4.943788|3.000000|1.000000,3,0.361426,N/A,5
MOGP_NSGAII,caab267c-e80c-11f0-a37d-6e001b3eef54,Cooling,74,61,9.489357|3.000000|0.000000,9.490525960922241,3.0,9.577792|3.000000|0.000000,4.943788|3.000000|1.000000,3,0.361426,N/A,5
MOGP_NSGAII,caab267c-e80c-11f0-a37d-6e001b3eef54,Cooling,74,62,9.489357|3.000000|0.000000,9.32958173751831,3.0,9.577792|3.000000|0.000000,4.943788|3.000000|1.000000,3,0.361426,N/A,5
MOGP_NSGAII,caab267c-e80c-11f0-a37d-6e001b3eef54,Cooling,74,63,9.489357|3.000000|0.000000,9.34842586517334,3.0,9.577792|3.000000|0.000000,4.943788|3.000000|1.000000,3,0.361426,N/A,5
MOGP_NSGAII,caab267c-e80c-11f0-a37d-6e001b3eef54,Cooling,74,64,9.489357|3.000000|0.000000,9.651465892791748,3.0,9.577792|3.000000|0.000000,4.943788|3.000000|1.000000,3,0.361426,N/A,5
MOGP_NSGAII,caab267c-e80c-11f0-a37d-6e001b3eef54,Cooling,74,65,9.489357|3.000000|0.000000,9.730529069900513,3.0,9.577792|3.000000|0.000000,4.943788|3.000000|1.000000,3,0.361426,N/A,5
MOGP_NSGAII,caab267c-e80c-11f0-a37d-6e001b3eef54,Cooling,74,66,9.489357|3.000000|0.000000,9.489933729171753,3.0,9.577792|3.000000|0.000000,4.943788|3.000000|1.000000,3,0.361426,N/A,5
MOGP_NSGAII,caab267c-e80c-11f0-a37d-6e001b3eef54,Cooling,74,67,9.489357|3.000000|0.000000,9.567931890487671,3.0,9.577792|3.000000|0.000000,4.943788|3.000000|1.000000,3,0.361426,N/A,5
MOGP_NSGAII,caab267c-e80c-11f0-a37d-6e001b3eef54,Cooling,74,68,9.489357|3.000000|0.000000,9.656936168670654,3.0,9.577792|3.000000|0.000000,4.943788|3.000000|1.000000,3,0.361426,N/A,5
MOGP_NSGAII,caab267c-e80c-11f0-a37d-6e001b3eef54,Cooling,74,69,9.489357|3.000000|0.000000,9.333720922470093,3.0,9.577792|3.000000|0.000000,4.943788|3.000000|1.000000,3,0.361426,N/A,5
MOGP_NSGAII,caab267c-e80c-11f0-a37d-6e001b3eef54,Cooling,74,70,9.489357|3.000000|0.000000,9.343908309936523,3.0,9.577792|3.000000|0.000000,4.943788|3.000000|1.000000,3,0.361426,N/A,5
MOGP_NSGAII,caab267c-e80c-11f0-a37d-6e001b3eef54,Cooling,74,71,9.489357|3.000000|0.000000,9.605359077453613,3.0,9.577792|3.000000|0.000000,4.943788|3.000000|1.000000,3,0.361426,N/A,5
MOGP_NSGAII,caab267c-e80c-11f0-a37d-6e001b3eef54,Cooling,74,72,9.489357|3.000000|0.000000,9.523385763168335,3.0,9.577792|3.000000|0.000000,4.943788|3.000000|1.000000,3,0.361426,N/A,5
MOGP_NSGAII,caab267c-e80c-11f0-a37d-6e001b3eef54,Cooling,74,73,9.489357|3.000000|0.000000,9.662209033966064,3.0,9.577792|3.000000|0.000000,4.943788|3.000000|1.000000,3,0.361426,N/A,5
MOGP_NSGAII,caab267c-e80c-11f0-a37d-6e001b3eef54,Cooling,74,74,9.489357|3.000000|0.000000,9.585278034210205,3.0,9.577792|3.000000|0.000000,4.943788|3.000000|1.000000,3,0.361426,N/A,5
MOGP_NSGAII,caab267c-e80c-11f0-a37d-6e001b3eef54,Cooling,74,75,9.489357|3.000000|0.000000,9.79768705368042,3.0,9.577792|3.000000|0.000000,4.943788|3.000000|1.000000,3,0.361426,N/A,5
MOGP_NSGAII,caab267c-e80c-11f0-a37d-6e001b3eef54,Cooling,74,76,9.489357|3.000000|0.000000,9.29601001739502,3.0,9.577792|3.000000|0.000000,4.943788|3.000000|1.000000,3,0.361426,N/A,5
MOGP_NSGAII,caab267c-e80c-11f0-a37d-6e001b3eef54,Cooling,74,77,9.489357|3.000000|0.000000,9.415717124938965,3.0,9.577792|3.000000|0.000000,4.943788|3.000000|1.000000,3,0.361426,N/A,5
MOGP_NSGAII,caab267c-e80c-11f0-a37d-6e001b3eef54,Cooling,74,78,9.489357|3.000000|0.000000,9.337564945220947,3.0,9.577792|3.000000|0.000000,4.943788|3.000000|1.000000,3,0.361426,N/A,5
MOGP_NSGAII,caab267c-e80c-11f0-a37d-6e001b3eef54,Cooling,74,79,9.489357|3.000000|0.000000,9.322638988494873,3.0,9.577792|3.000000|0.000000,4.943788|3.000000|1.000000,3,0.361426,N/A,5
MOGP_NSGAII,caab267c-e80c-11f0-a37d-6e001b3eef54,Cooling,74,80,9.489357|3.000000|0.000000,9.391896963119507,3.0,9.577792|3.000000|0.000000,4.943788|3.000000|1.000000,3,0.361426,N/A,5
MOGP_NSGAII,caab267c-e80c-11f0-a37d-6e001b3eef54,Cooling,74,81,9.489357|3.000000|0.000000,9.406251907348633,3.0,9.577792|3.000000|0.000000,4.943788|3.000000|1.000000,3,0.361426,N/A,5
MOGP_NSGAII,caab267c-e80c-11f0-a37d-6e001b3eef54,Cooling,74,82,9.489357|3.000000|0.000000,9.324764966964722,3.0,9.577792|3.000000|0.000000,4.943788|3.000000|1.000000,3,0.361426,N/A,5
MOGP_NSGAII,caab267c-e80c-11f0-a37d-6e001b3eef54,Cooling,74,83,9.489357|3.000000|0.000000,9.547825813293457,3.0,9.577792|3.000000|0.000000,4.943788|3.000000|1.000000,3,0.361426,N/A,5
MOGP_NSGAII,caab267c-e80c-11f0-a37d-6e001b3eef54,Cooling,74,84,9.489357|3.000000|0.000000,9.312015056610107,3.0,9.577792|3.000000|0.000000,4.943788|3.000000|1.000000,3,0.361426,N/A,5
MOGP_NSGAII,caab267c-e80c-11f0-a37d-6e001b3eef54,Cooling,74,85,9.489357|3.000000|0.000000,9.673383951187134,3.0,9.577792|3.000000|0.000000,4.943788|3.000000|1.000000,3,0.361426,N/A,5
MOGP_NSGAII,caab267c-e80c-11f0-a37d-6e001b3eef54,Cooling,74,86,9.489357|3.000000|0.000000,9.279075860977173,3.0,9.577792|3.000000|0.000000,4.943788|3.000000|1.000000,3,0.361426,N/A,5
MOGP_NSGAII,caab267c-e80c-11f0-a37d-6e001b3eef54,Cooling,74,87,9.489357|3.000000|0.000000,9.376566886901855,3.0,9.577792|3.000000|0.000000,4.943788|3.000000|1.000000,3,0.361426,N/A,5
MOGP_NSGAII,caab267c-e80c-11f0-a37d-6e001b3eef54,Cooling,74,88,9.489357|3.000000|0.000000,9.470148086547852,3.0,9.577792|3.000000|0.000000,4.943788|3.000000|1.000000,3,0.361426,N/A,5
MOGP_NSGAII,caab267c-e80c-11f0-a37d-6e001b3eef54,Cooling,74,89,9.489357|3.000000|0.000000,9.729170799255371,3.0,9.577792|3.000000|0.000000,4.943788|3.000000|1.000000,3,0.361426,N/A,5
MOGP_NSGAII,caab267c-e80c-11f0-a37d-6e001b3eef54,Cooling,74,90,9.489357|3.000000|0.000000,9.314168214797974,3.0,9.577792|3.000000|0.000000,4.943788|3.000000|1.000000,3,0.361426,N/A,5
MOGP_NSGAII,caab267c-e80c-11f0-a37d-6e001b3eef54,Cooling,74,91,9.489357|3.000000|0.000000,9.55699110031128,3.0,9.577792|3.000000|0.000000,4.943788|3.000000|1.000000,3,0.361426,N/A,5
MOGP_NSGAII,caab267c-e80c-11f0-a37d-6e001b3eef54,Cooling,74,92,9.489357|3.000000|0.000000,9.48962116241455,3.0,9.577792|3.000000|0.000000,4.943788|3.000000|1.000000,3,0.361426,N/A,5
MOGP_NSGAII,caab267c-e80c-11f0-a37d-6e001b3eef54,Cooling,74,93,9.489357|3.000000|0.000000,9.332816123962402,3.0,9.577792|3.000000|0.000000,4.943788|3.000000|1.000000,3,0.361426,N/A,5
MOGP_NSGAII,caab267c-e80c-11f0-a37d-6e001b3eef54,Cooling,74,94,9.489357|3.000000|0.000000,9.562241077423096,3.0,9.577792|3.000000|0.000000,4.943788|3.000000|1.000000,3,0.361426,N/A,5
MOGP_NSGAII,caab267c-e80c-11f0-a37d-6e001b3eef54,Cooling,74,95,9.489357|3.000000|0.000000,9.438151121139526,3.0,9.577792|3.000000|0.000000,4.943788|3.000000|1.000000,3,0.361426,N/A,5
MOGP_NSGAII,caab267c-e80c-11f0-a37d-6e001b3eef54,Cooling,74,96,9.489357|3.000000|0.000000,9.425285816192627,3.0,9.577792|3.000000|0.000000,4.943788|3.000000|1.000000,3,0.361426,N/A,5
MOGP_NSGAII,caab267c-e80c-11f0-a37d-6e001b3eef54,Cooling,74,97,9.489357|3.000000|0.000000,9.66928505897522,3.0,9.577792|3.000000|0.000000,4.943788|3.000000|1.000000,3,0.361426,N/A,5
MOGP_NSGAII,caab267c-e80c-11f0-a37d-6e001b3eef54,Cooling,74,98,9.489357|3.000000|0.000000,9.591502904891968,3.0,9.577792|3.000000|0.000000,4.943788|3.000000|1.000000,3,0.361426,N/A,5
MOGP_NSGAII,caab267c-e80c-11f0-a37d-6e001b3eef54,Cooling,74,99,9.489357|3.000000|0.000000,9.742291927337646,3.0,9.577792|3.000000|0.000000,4.943788|3.000000|1.000000,3,0.361426,N/A,5
MOGP_NSGAII,caab267c-e80c-11f0-a37d-6e001b3eef54,Cooling,74,100,9.489357|3.000000|0.000000,9.426440238952637,3.0,9.577792|3.000000|0.000000,4.943788|3.000000|1.000000,3,0.361426,N/A,5
MOGP_NSGAII,caab267c-e80c-11f0-a37d-6e001b3eef54,Cooling,74,101,9.489357|3.000000|0.000000,9.318429946899414,3.0,9.577792|3.000000|0.000000,4.943788|3.000000|1.000000,3,0.361426,N/A,5
MOGP_NSGAII,caab267c-e80c-11f0-a37d-6e001b3eef54,Cooling,74,102,9.489357|3.000000|0.000000,9.392142057418823,3.0,9.577792|3.000000|0.000000,4.943788|3.000000|1.000000,3,0.361426,N/A,5
MOGP_NSGAII,caab267c-e80c-11f0-a37d-6e001b3eef54,Cooling,74,103,9.489357|3.000000|0.000000,9.647287130355835,3.0,9.577792|3.000000|0.000000,4.943788|3.000000|1.000000,3,0.361426,N/A,5
MOGP_NSGAII,caab267c-e80c-11f0-a37d-6e001b3eef54,Cooling,74,104,9.489357|3.000000|0.000000,9.398168087005615,3.0,9.577792|3.000000|0.000000,4.943788|3.000000|1.000000,3,0.361426,N/A,5
MOGP_NSGAII,caab267c-e80c-11f0-a37d-6e001b3eef54,Cooling,74,105,9.489357|3.000000|0.000000,9.389555931091309,3.0,9.577792|3.000000|0.000000,4.943788|3.000000|1.000000,3,0.361426,N/A,5
MOGP_NSGAII,caab267c-e80c-11f0-a37d-6e001b3eef54,Cooling,74,106,9.489357|3.000000|0.000000,9.479572057723999,3.0,9.577792|3.000000|0.000000,4.943788|3.000000|1.000000,3,0.361426,N/A,5
MOGP_NSGAII,caab267c-e80c-11f0-a37d-6e001b3eef54,Cooling,74,107,9.489357|3.000000|0.000000,9.50751519203186,3.0,9.577792|3.000000|0.000000,4.943788|3.000000|1.000000,3,0.361426,N/A,5
MOGP_NSGAII,caab267c-e80c-11f0-a37d-6e001b3eef54,Cooling,74,108,9.489357|3.000000|0.000000,9.419274091720581,3.0,9.577792|3.000000|0.000000,4.943788|3.000000|1.000000,3,0.361426,N/A,5
MOGP_NSGAII,caab267c-e80c-11f0-a37d-6e001b3eef54,Cooling,74,109,9.489357|3.000000|0.000000,9.774245977401733,3.0,9.577792|3.000000|0.000000,4.943788|3.000000|1.000000,3,0.361426,N/A,5
MOGP_NSGAII,caab267c-e80c-11f0-a37d-6e001b3eef54,Cooling,74,110,9.489357|3.000000|0.000000,9.445984840393066,3.0,9.577792|3.000000|0.000000,4.943788|3.000000|1.000000,3,0.361426,N/A,5
MOGP_NSGAII,caab267c-e80c-11f0-a37d-6e001b3eef54,Cooling,74,111,9.489357|3.000000|0.000000,9.422358989715576,3.0,9.577792|3.000000|0.000000,4.943788|3.000000|1.000000,3,0.361426,N/A,5
MOGP_NSGAII,caab267c-e80c-11f0-a37d-6e001b3eef54,Cooling,74,112,9.489357|3.000000|0.000000,9.272403240203857,3.0,9.577792|3.000000|0.000000,4.943788|3.000000|1.000000,3,0.361426,N/A,5
MOGP_NSGAII,caab267c-e80c-11f0-a37d-6e001b3eef54,Cooling,74,113,9.489357|3.000000|0.000000,9.388296127319336,3.0,9.577792|3.000000|0.000000,4.943788|3.000000|1.000000,3,0.361426,N/A,5
MOGP_NSGAII,caab267c-e80c-11f0-a37d-6e001b3eef54,Cooling,74,114,9.489357|3.000000|0.000000,9.70076608657837,3.0,9.577792|3.000000|0.000000,4.943788|3.000000|1.000000,3,0.361426,N/A,5
MOGP_NSGAII,caab267c-e80c-11f0-a37d-6e001b3eef54,Cooling,74,115,9.489357|3.000000|0.000000,9.498228073120117,3.0,9.577792|3.000000|0.000000,4.943788|3.000000|1.000000,3,0.361426,N/A,5
MOGP_NSGAII,caab267c-e80c-11f0-a37d-6e001b3eef54,Cooling,74,116,9.489357|3.000000|0.000000,9.478340864181519,3.0,9.577792|3.000000|0.000000,4.943788|3.000000|1.000000,3,0.361426,N/A,5
MOGP_NSGAII,caab267c-e80c-11f0-a37d-6e001b3eef54,Cooling,74,117,9.489357|3.000000|0.000000,9.474920988082886,3.0,9.577792|3.000000|0.000000,4.943788|3.000000|1.000000,3,0.361426,N/A,5
MOGP_NSGAII,caab267c-e80c-11f0-a37d-6e001b3eef54,Cooling,74,118,9.489357|3.000000|0.000000,9.37855577468872,3.0,9.577792|3.000000|0.000000,4.943788|3.000000|1.000000,3,0.361426,N/A,5
MOGP_NSGAII,caab267c-e80c-11f0-a37d-6e001b3eef54,Cooling,74,119,9.489357|3.000000|0.000000,9.275490045547485,3.0,9.577792|3.000000|0.000000,4.943788|3.000000|1.000000,3,0.361426,N/A,5
MOGP_NSGAII,caab267c-e80c-11f0-a37d-6e001b3eef54,Cooling,74,120,9.489357|3.000000|0.000000,9.376476764678955,3.0,9.577792|3.000000|0.000000,4.943788|3.000000|1.000000,3,0.361426,N/A,5
MOGP_NSGAII,caab267c-e80c-11f0-a37d-6e001b3eef54,Cooling,74,121,9.489357|3.000000|0.000000,9.431941032409668,3.0,9.577792|3.000000|0.000000,4.943788|3.000000|1.000000,3,0.361426,N/A,5
MOGP_NSGAII,caab267c-e80c-11f0-a37d-6e001b3eef54,Cooling,74,122,9.489357|3.000000|0.000000,9.373322010040283,3.0,9.577792|3.000000|0.000000,4.943788|3.000000|1.000000,3,0.361426,N/A,5
MOGP_NSGAII,caab267c-e80c-11f0-a37d-6e001b3eef54,Cooling,74,123,9.489357|3.000000|0.000000,9.671205997467041,3.0,9.577792|3.000000|0.000000,4.943788|3.000000|1.000000,3,0.361426,N/A,5
MOGP_NSGAII,caab267c-e80c-11f0-a37d-6e001b3eef54,Cooling,74,124,9.489357|3.000000|0.000000,9.529276847839355,3.0,9.577792|3.000000|0.000000,4.943788|3.000000|1.000000,3,0.361426,N/A,5
MOGP_NSGAII,caab267c-e80c-11f0-a37d-6e001b3eef54,Cooling,74,125,9.489357|3.000000|0.000000,9.388535022735596,3.0,9.577792|3.000000|0.000000,4.943788|3.000000|1.000000,3,0.361426,N/A,5
MOGP_NSGAII,caab267c-e80c-11f0-a37d-6e001b3eef54,Cooling,74,126,9.489357|3.000000|0.000000,9.488077163696289,3.0,9.577792|3.000000|0.000000,4.943788|3.000000|1.000000,3,0.361426,N/A,5
MOGP_NSGAII,caab267c-e80c-11f0-a37d-6e001b3eef54,Cooling,74,127,9.489357|3.000000|0.000000,9.528069019317627,3.0,9.577792|3.000000|0.000000,4.943788|3.000000|1.000000,3,0.361426,N/A,5
MOGP_NSGAII,caab267c-e80c-11f0-a37d-6e001b3eef54,Cooling,74,128,9.489357|3.000000|0.000000,9.398998975753784,3.0,9.577792|3.000000|0.000000,4.943788|3.000000|1.000000,3,0.361426,N/A,5
MOGP_NSGAII,caab267c-e80c-11f0-a37d-6e001b3eef54,Cooling,74,129,9.489357|3.000000|0.000000,9.476629972457886,3.0,9.577792|3.000000|0.000000,4.943788|3.000000|1.000000,3,0.361426,N/A,5
MOGP_NSGAII,caab267c-e80c-11f0-a37d-6e001b3eef54,Cooling,74,130,9.489357|3.000000|0.000000,9.451316118240356,3.0,9.577792|3.000000|0.000000,4.943788|3.000000|1.000000,3,0.361426,N/A,5
MOGP_NSGAII,caab267c-e80c-11f0-a37d-6e001b3eef54,Cooling,74,131,9.489357|3.000000|0.000000,9.486393690109253,3.0,9.577792|3.000000|0.000000,4.943788|3.000000|1.000000,3,0.361426,N/A,5
MOGP_NSGAII,caab267c-e80c-11f0-a37d-6e001b3eef54,Cooling,74,132,9.489357|3.000000|0.000000,9.386550903320312,3.0,9.577792|3.000000|0.000000,4.943788|3.000000|1.000000,3,0.361426,N/A,5
MOGP_NSGAII,caab267c-e80c-11f0-a37d-6e001b3eef54,Cooling,74,133,9.489357|3.000000|0.000000,9.581179141998291,3.0,9.577792|3.000000|0.000000,4.943788|3.000000|1.000000,3,0.361426,N/A,5
MOGP_NSGAII,caab267c-e80c-11f0-a37d-6e001b3eef54,Cooling,74,134,9.489357|3.000000|0.000000,9.355299949645996,3.0,9.577792|3.000000|0.000000,4.943788|3.000000|1.000000,3,0.361426,N/A,5
MOGP_NSGAII,caab267c-e80c-11f0-a37d-6e001b3eef54,Cooling,74,135,9.489357|3.000000|0.000000,9.331346035003662,3.0,9.577792|3.000000|0.000000,4.943788|3.000000|1.000000,3,0.361426,N/A,5
MOGP_NSGAII,caab267c-e80c-11f0-a37d-6e001b3eef54,Cooling,74,136,9.489357|3.000000|0.000000,9.474246740341187,3.0,9.577792|3.000000|0.000000,4.943788|3.000000|1.000000,3,0.361426,N/A,5
MOGP_NSGAII,caab267c-e80c-11f0-a37d-6e001b3eef54,Cooling,74,137,9.489357|3.000000|0.000000,9.541114807128906,3.0,9.577792|3.000000|0.000000,4.943788|3.000000|1.000000,3,0.361426,N/A,5
MOGP_NSGAII,caab267c-e80c-11f0-a37d-6e001b3eef54,Cooling,74,138,9.489357|3.000000|0.000000,9.51554799079895,3.0,9.577792|3.000000|0.000000,4.943788|3.000000|1.000000,3,0.361426,N/A,5
MOGP_NSGAII,caab267c-e80c-11f0-a37d-6e001b3eef54,Cooling,74,139,9.489357|3.000000|0.000000,9.711851119995117,3.0,9.577792|3.000000|0.000000,4.943788|3.000000|1.000000,3,0.361426,N/A,5
MOGP_NSGAII,caab267c-e80c-11f0-a37d-6e001b3eef54,Cooling,74,140,9.489357|3.000000|0.000000,9.5051109790802,3.0,9.577792|3.000000|0.000000,4.943788|3.000000|1.000000,3,0.361426,N/A,5
MOGP_NSGAII,caab267c-e80c-11f0-a37d-6e001b3eef54,Cooling,74,141,9.489357|3.000000|0.000000,9.36680293083191,3.0,9.577792|3.000000|0.000000,4.943788|3.000000|1.000000,3,0.361426,N/A,5
MOGP_NSGAII,caab267c-e80c-11f0-a37d-6e001b3eef54,Cooling,74,142,9.489357|3.000000|0.000000,9.10590386390686,3.0,9.577792|3.000000|0.000000,4.943788|3.000000|1.000000,3,0.361426,N/A,5
MOGP_NSGAII,caab267c-e80c-11f0-a37d-6e001b3eef54,Cooling,74,143,9.489357|3.000000|0.000000,9.344096183776855,3.0,9.577792|3.000000|0.000000,4.943788|3.000000|1.000000,3,0.361426,N/A,5
MOGP_NSGAII,caab267c-e80c-11f0-a37d-6e001b3eef54,Cooling,74,144,9.489357|3.000000|0.000000,9.403982162475586,3.0,9.577792|3.000000|0.000000,4.943788|3.000000|1.000000,3,0.361426,N/A,5
MOGP_NSGAII,caab267c-e80c-11f0-a37d-6e001b3eef54,Cooling,74,145,9.489357|3.000000|0.000000,9.723728895187378,3.0,9.577792|3.000000|0.000000,4.943788|3.000000|1.000000,3,0.361426,N/A,5
MOGP_NSGAII,caab267c-e80c-11f0-a37d-6e001b3eef54,Cooling,74,146,9.489357|3.000000|0.000000,9.393959760665894,3.0,9.577792|3.000000|0.000000,4.943788|3.000000|1.000000,3,0.361426,N/A,5
MOGP_NSGAII,caab267c-e80c-11f0-a37d-6e001b3eef54,Cooling,74,147,9.489357|3.000000|0.000000,9.562854051589966,3.0,9.577792|3.000000|0.000000,4.943788|3.000000|1.000000,3,0.361426,N/A,5
MOGP_NSGAII,caab267c-e80c-11f0-a37d-6e001b3eef54,Cooling,74,148,9.489357|3.000000|0.000000,9.407250881195068,3.0,9.577792|3.000000|0.000000,4.943788|3.000000|1.000000,3,0.361426,N/A,5
MOGP_NSGAII,caab267c-e80c-11f0-a37d-6e001b3eef54,Cooling,74,149,9.489357|3.000000|0.000000,9.311631202697754,3.0,9.577792|3.000000|0.000000,4.943788|3.000000|1.000000,3,0.361426,N/A,5
MOGP_NSGAII,caab267c-e80c-11f0-a37d-6e001b3eef54,Cooling,74,150,9.489357|3.000000|0.000000,9.516281127929688,3.0,9.577792|3.000000|0.000000,4.943788|3.000000|1.000000,3,0.361426,N/A,5
MOGP_NSGAII,caab267c-e80c-11f0-a37d-6e001b3eef54,Cooling,74,151,9.489357|3.000000|0.000000,9.737864017486572,3.0,9.577792|3.000000|0.000000,4.943788|3.000000|1.000000,3,0.361426,N/A,5
MOGP_NSGAII,caab267c-e80c-11f0-a37d-6e001b3eef54,Cooling,74,152,9.489357|3.000000|0.000000,9.537025690078735,3.0,9.577792|3.000000|0.000000,4.943788|3.000000|1.000000,3,0.361426,N/A,5
MOGP_NSGAII,caab267c-e80c-11f0-a37d-6e001b3eef54,Cooling,74,153,9.489357|3.000000|0.000000,9.346312284469604,3.0,9.577792|3.000000|0.000000,4.943788|3.000000|1.000000,3,0.361426,N/A,5
MOGP_NSGAII,caab267c-e80c-11f0-a37d-6e001b3eef54,Cooling,74,154,9.489357|3.000000|0.000000,9.38139295578003,3.0,9.577792|3.000000|0.000000,4.943788|3.000000|1.000000,3,0.361426,N/A,5
MOGP_NSGAII,caab267c-e80c-11f0-a37d-6e001b3eef54,Cooling,74,155,9.489357|3.000000|0.000000,9.302989959716797,3.0,9.577792|3.000000|0.000000,4.943788|3.000000|1.000000,3,0.361426,N/A,5
MOGP_NSGAII,caab267c-e80c-11f0-a37d-6e001b3eef54,Cooling,74,156,9.489357|3.000000|0.000000,9.435002088546753,3.0,9.577792|3.000000|0.000000,4.943788|3.000000|1.000000,3,0.361426,N/A,5
MOGP_NSGAII,caab267c-e80c-11f0-a37d-6e001b3eef54,Cooling,74,157,9.489357|3.000000|0.000000,9.374491930007935,3.0,9.577792|3.000000|0.000000,4.943788|3.000000|1.000000,3,0.361426,N/A,5
MOGP_NSGAII,caab267c-e80c-11f0-a37d-6e001b3eef54,Cooling,74,158,9.489357|3.000000|0.000000,9.489665031433105,3.0,9.577792|3.000000|0.000000,4.943788|3.000000|1.000000,3,0.361426,N/A,5
MOGP_NSGAII,caab267c-e80c-11f0-a37d-6e001b3eef54,Cooling,74,159,9.489357|3.000000|0.000000,9.568165063858032,3.0,9.577792|3.000000|0.000000,4.943788|3.000000|1.000000,3,0.361426,N/A,5
MOGP_NSGAII,caab267c-e80c-11f0-a37d-6e001b3eef54,Cooling,74,160,9.489357|3.000000|0.000000,9.481005907058716,3.0,9.577792|3.000000|0.000000,4.943788|3.000000|1.000000,3,0.361426,N/A,5
MOGP_NSGAII,caab267c-e80c-11f0-a37d-6e001b3eef54,Cooling,74,161,9.489357|3.000000|0.000000,9.46067190170288,3.0,9.577792|3.000000|0.000000,4.943788|3.000000|1.000000,3,0.361426,N/A,5
MOGP_NSGAII,caab267c-e80c-11f0-a37d-6e001b3eef54,Cooling,74,162,9.489357|3.000000|0.000000,9.310911893844604,3.0,9.577792|3.000000|0.000000,4.943788|3.000000|1.000000,3,0.361426,N/A,5
MOGP_NSGAII,caab267c-e80c-11f0-a37d-6e001b3eef54,Cooling,74,163,9.489357|3.000000|0.000000,9.515916109085083,3.0,9.577792|3.000000|0.000000,4.943788|3.000000|1.000000,3,0.361426,N/A,5
MOGP_NSGAII,caab267c-e80c-11f0-a37d-6e001b3eef54,Cooling,74,164,9.489357|3.000000|0.000000,9.320263147354126,3.0,9.577792|3.000000|0.000000,4.943788|3.000000|1.000000,3,0.361426,N/A,5
MOGP_NSGAII,caab267c-e80c-11f0-a37d-6e001b3eef54,Cooling,74,165,9.489357|3.000000|0.000000,9.318917989730835,3.0,9.577792|3.000000|0.000000,4.943788|3.000000|1.000000,3,0.361426,N/A,5
MOGP_NSGAII,caab267c-e80c-11f0-a37d-6e001b3eef54,Cooling,74,166,9.489357|3.000000|0.000000,9.288848876953125,3.0,9.577792|3.000000|0.000000,4.943788|3.000000|1.000000,3,0.361426,N/A,5
MOGP_NSGAII,caab267c-e80c-11f0-a37d-6e001b3eef54,Cooling,74,167,9.489357|3.000000|0.000000,9.411303281784058,3.0,9.577792|3.000000|0.000000,4.943788|3.000000|1.000000,3,0.361426,N/A,5
MOGP_NSGAII,caab267c-e80c-11f0-a37d-6e001b3eef54,Cooling,74,168,9.489357|3.000000|0.000000,9.32643461227417,3.0,9.577792|3.000000|0.000000,4.943788|3.000000|1.000000,3,0.361426,N/A,5
MOGP_NSGAII,caab267c-e80c-11f0-a37d-6e001b3eef54,Cooling,74,169,9.489357|3.000000|0.000000,9.50123906135559,3.0,9.577792|3.000000|0.000000,4.943788|3.000000|1.000000,3,0.361426,N/A,5
MOGP_NSGAII,caab267c-e80c-11f0-a37d-6e001b3eef54,Cooling,74,170,9.489357|3.000000|0.000000,9.431944847106934,3.0,9.577792|3.000000|0.000000,4.943788|3.000000|1.000000,3,0.361426,N/A,5
MOGP_NSGAII,caab267c-e80c-11f0-a37d-6e001b3eef54,Cooling,74,171,9.489357|3.000000|0.000000,9.307615995407104,3.0,9.577792|3.000000|0.000000,4.943788|3.000000|1.000000,3,0.361426,N/A,5
MOGP_NSGAII,caab267c-e80c-11f0-a37d-6e001b3eef54,Cooling,74,172,9.489357|3.000000|0.000000,9.613131999969482,3.0,9.577792|3.000000|0.000000,4.943788|3.000000|1.000000,3,0.361426,N/A,5
MOGP_NSGAII,caab267c-e80c-11f0-a37d-6e001b3eef54,Cooling,74,173,9.489357|3.000000|0.000000,9.63846492767334,3.0,9.577792|3.000000|0.000000,4.943788|3.000000|1.000000,3,0.361426,N/A,5
MOGP_NSGAII,caab267c-e80c-11f0-a37d-6e001b3eef54,Cooling,74,174,9.489357|3.000000|0.000000,9.406005144119263,3.0,9.577792|3.000000|0.000000,4.943788|3.000000|1.000000,3,0.361426,N/A,5
MOGP_NSGAII,caab267c-e80c-11f0-a37d-6e001b3eef54,Cooling,74,175,9.489357|3.000000|0.000000,9.542594194412231,3.0,9.577792|3.000000|0.000000,4.943788|3.000000|1.000000,3,0.361426,N/A,5
MOGP_NSGAII,caab267c-e80c-11f0-a37d-6e001b3eef54,Cooling,74,176,9.489357|3.000000|0.000000,9.301009893417358,3.0,9.577792|3.000000|0.000000,4.943788|3.000000|1.000000,3,0.361426,N/A,5
MOGP_NSGAII,caab267c-e80c-11f0-a37d-6e001b3eef54,Cooling,74,177,9.489357|3.000000|0.000000,9.330379962921143,3.0,9.577792|3.000000|0.000000,4.943788|3.000000|1.000000,3,0.361426,N/A,5
MOGP_NSGAII,caab267c-e80c-11f0-a37d-6e001b3eef54,Cooling,74,178,9.489357|3.000000|0.000000,9.390373706817627,3.0,9.577792|3.000000|0.000000,4.943788|3.000000|1.000000,3,0.361426,N/A,5
MOGP_NSGAII,caab267c-e80c-11f0-a37d-6e001b3eef54,Cooling,74,179,9.489357|3.000000|0.000000,9.460325002670288,3.0,9.577792|3.000000|0.000000,4.943788|3.000000|1.000000,3,0.361426,N/A,5
MOGP_NSGAII,caab267c-e80c-11f0-a37d-6e001b3eef54,Cooling,74,180,9.489357|3.000000|0.000000,9.42433500289917,3.0,9.577792|3.000000|0.000000,4.943788|3.000000|1.000000,3,0.361426,N/A,5
MOGP_NSGAII,caab267c-e80c-11f0-a37d-6e001b3eef54,Cooling,74,181,9.489357|3.000000|0.000000,9.512885093688965,3.0,9.577792|3.000000|0.000000,4.943788|3.000000|1.000000,3,0.361426,N/A,5
MOGP_NSGAII,caab267c-e80c-11f0-a37d-6e001b3eef54,Cooling,74,182,9.489357|3.000000|0.000000,9.338481187820435,3.0,9.577792|3.000000|0.000000,4.943788|3.000000|1.000000,3,0.361426,N/A,5
MOGP_NSGAII,caab267c-e80c-11f0-a37d-6e001b3eef54,Cooling,74,183,9.489357|3.000000|0.000000,9.731085777282715,3.0,9.577792|3.000000|0.000000,4.943788|3.000000|1.000000,3,0.361426,N/A,5
MOGP_NSGAII,caab267c-e80c-11f0-a37d-6e001b3eef54,Cooling,74,184,9.489357|3.000000|0.000000,9.426815032958984,3.0,9.577792|3.000000|0.000000,4.943788|3.000000|1.000000,3,0.361426,N/A,5
MOGP_NSGAII,caab267c-e80c-11f0-a37d-6e001b3eef54,Cooling,74,185,9.489357|3.000000|0.000000,9.533313989639282,3.0,9.577792|3.000000|0.000000,4.943788|3.000000|1.000000,3,0.361426,N/A,5
MOGP_NSGAII,caab267c-e80c-11f0-a37d-6e001b3eef54,Cooling,74,186,9.489357|3.000000|0.000000,9.195793867111206,3.0,9.577792|3.000000|0.000000,4.943788|3.000000|1.000000,3,0.361426,N/A,5
MOGP_NSGAII,caab267c-e80c-11f0-a37d-6e001b3eef54,Cooling,74,187,9.489357|3.000000|0.000000,9.476478815078735,3.0,9.577792|3.000000|0.000000,4.943788|3.000000|1.000000,3,0.361426,N/A,5
MOGP_NSGAII,caab267c-e80c-11f0-a37d-6e001b3eef54,Cooling,74,188,9.489357|3.000000|0.000000,9.576509952545166,3.0,9.577792|3.000000|0.000000,4.943788|3.000000|1.000000,3,0.361426,N/A,5
MOGP_NSGAII,caab267c-e80c-11f0-a37d-6e001b3eef54,Cooling,74,189,9.489357|3.000000|0.000000,9.40736722946167,3.0,9.577792|3.000000|0.000000,4.943788|3.000000|1.000000,3,0.361426,N/A,5
MOGP_NSGAII,caab267c-e80c-11f0-a37d-6e001b3eef54,Cooling,74,190,9.489357|3.000000|0.000000,9.381044864654541,3.0,9.577792|3.000000|0.000000,4.943788|3.000000|1.000000,3,0.361426,N/A,5
MOGP_NSGAII,caab267c-e80c-11f0-a37d-6e001b3eef54,Cooling,74,191,9.489357|3.000000|0.000000,9.521560668945312,3.0,9.577792|3.000000|0.000000,4.943788|3.000000|1.000000,3,0.361426,N/A,5
MOGP_NSGAII,caab267c-e80c-11f0-a37d-6e001b3eef54,Cooling,74,192,9.489357|3.000000|0.000000,9.264410734176636,3.0,9.577792|3.000000|0.000000,4.943788|3.000000|1.000000,3,0.361426,N/A,5
MOGP_NSGAII,caab267c-e80c-11f0-a37d-6e001b3eef54,Cooling,74,193,9.489357|3.000000|0.000000,9.471206188201904,3.0,9.577792|3.000000|0.000000,4.943788|3.000000|1.000000,3,0.361426,N/A,5
MOGP_NSGAII,caab267c-e80c-11f0-a37d-6e001b3eef54,Cooling,74,194,9.489357|3.000000|0.000000,9.374471187591553,3.0,9.577792|3.000000|0.000000,4.943788|3.000000|1.000000,3,0.361426,N/A,5
MOGP_NSGAII,caab267c-e80c-11f0-a37d-6e001b3eef54,Cooling,74,195,9.489357|3.000000|0.000000,9.534434080123901,3.0,9.577792|3.000000|0.000000,4.943788|3.000000|1.000000,3,0.361426,N/A,5
MOGP_NSGAII,caab267c-e80c-11f0-a37d-6e001b3eef54,Cooling,74,196,9.489357|3.000000|0.000000,9.588427066802979,3.0,9.577792|3.000000|0.000000,4.943788|3.000000|1.000000,3,0.361426,N/A,5
MOGP_NSGAII,caab267c-e80c-11f0-a37d-6e001b3eef54,Cooling,74,197,9.489357|3.000000|0.000000,9.381664752960205,3.0,9.577792|3.000000|0.000000,4.943788|3.000000|1.000000,3,0.361426,N/A,5
MOGP_NSGAII,caab267c-e80c-11f0-a37d-6e001b3eef54,Cooling,74,198,9.489357|3.000000|0.000000,9.322578191757202,3.0,9.577792|3.000000|0.000000,4.943788|3.000000|1.000000,3,0.361426,N/A,5
MOGP_NSGAII,caab267c-e80c-11f0-a37d-6e001b3eef54,Cooling,74,199,9.489357|3.000000|0.000000,9.451725006103516,3.0,9.577792|3.000000|0.000000,4.943788|3.000000|1.000000,3,0.361426,N/A,5
MOGP_NSGAII,caab267c-e80c-11f0-a37d-6e001b3eef54,Cooling,74,200,9.489357|3.000000|0.000000,9.493541717529297,3.0,9.577792|3.000000|0.000000,4.943788|3.000000|1.000000,3,0.361426,N/A,5
MOGP_NSGAII,caab267c-e80c-11f0-a37d-6e001b3eef54,Cooling,74,201,9.489357|3.000000|0.000000,9.478652238845825,3.0,9.577792|3.000000|0.000000,4.943788|3.000000|1.000000,3,0.361426,N/A,5
MOGP_NSGAII,caab267c-e80c-11f0-a37d-6e001b3eef54,Cooling,74,202,9.489357|3.000000|0.000000,9.472339868545532,3.0,9.577792|3.000000|0.000000,4.943788|3.000000|1.000000,3,0.361426,N/A,5
MOGP_NSGAII,caab267c-e80c-11f0-a37d-6e001b3eef54,Cooling,74,203,9.489357|3.000000|0.000000,9.344698667526245,3.0,9.577792|3.000000|0.000000,4.943788|3.000000|1.000000,3,0.361426,N/A,5
MOGP_NSGAII,caab267c-e80c-11f0-a37d-6e001b3eef54,Cooling,74,204,9.489357|3.000000|0.000000,9.47125506401062,3.0,9.577792|3.000000|0.000000,4.943788|3.000000|1.000000,3,0.361426,N/A,5
MOGP_NSGAII,caab267c-e80c-11f0-a37d-6e001b3eef54,Cooling,74,205,9.489357|3.000000|0.000000,9.457484006881714,3.0,9.577792|3.000000|0.000000,4.943788|3.000000|1.000000,3,0.361426,N/A,5
MOGP_NSGAII,caab267c-e80c-11f0-a37d-6e001b3eef54,Cooling,74,206,9.489357|3.000000|0.000000,9.294859170913696,3.0,9.577792|3.000000|0.000000,4.943788|3.000000|1.000000,3,0.361426,N/A,5
MOGP_NSGAII,caab267c-e80c-11f0-a37d-6e001b3eef54,Cooling,74,207,9.489357|3.000000|0.000000,9.581681966781616,3.0,9.577792|3.000000|0.000000,4.943788|3.000000|1.000000,3,0.361426,N/A,5
MOGP_NSGAII,caab267c-e80c-11f0-a37d-6e001b3eef54,Cooling,74,208,9.489357|3.000000|0.000000,9.61691689491272,3.0,9.577792|3.000000|0.000000,4.943788|3.000000|1.000000,3,0.361426,N/A,5
MOGP_NSGAII,caab267c-e80c-11f0-a37d-6e001b3eef54,Cooling,74,209,9.489357|3.000000|0.000000,9.530171871185303,3.0,9.577792|3.000000|0.000000,4.943788|3.000000|1.000000,3,0.361426,N/A,5
MOGP_NSGAII,caab267c-e80c-11f0-a37d-6e001b3eef54,Cooling,74,210,9.489357|3.000000|0.000000,9.331444025039673,3.0,9.577792|3.000000|0.000000,4.943788|3.000000|1.000000,3,0.361426,N/A,5
MOGP_NSGAII,caab267c-e80c-11f0-a37d-6e001b3eef54,Cooling,74,211,9.489357|3.000000|0.000000,9.301611185073853,3.0,9.577792|3.000000|0.000000,4.943788|3.000000|1.000000,3,0.361426,N/A,5
MOGP_NSGAII,caab267c-e80c-11f0-a37d-6e001b3eef54,Cooling,74,212,9.489357|3.000000|0.000000,9.350803136825562,3.0,9.577792|3.000000|0.000000,4.943788|3.000000|1.000000,3,0.361426,N/A,5
MOGP_NSGAII,caab267c-e80c-11f0-a37d-6e001b3eef54,Cooling,74,213,9.489357|3.000000|0.000000,9.483172178268433,3.0,9.577792|3.000000|0.000000,4.943788|3.000000|1.000000,3,0.361426,N/A,5
MOGP_NSGAII,caab267c-e80c-11f0-a37d-6e001b3eef54,Cooling,74,214,9.489357|3.000000|0.000000,9.786117792129517,3.0,9.577792|3.000000|0.000000,4.943788|3.000000|1.000000,3,0.361426,N/A,5
MOGP_NSGAII,caab267c-e80c-11f0-a37d-6e001b3eef54,Cooling,74,215,9.489357|3.000000|0.000000,9.512402057647705,3.0,9.577792|3.000000|0.000000,4.943788|3.000000|1.000000,3,0.361426,N/A,5
MOGP_NSGAII,caab267c-e80c-11f0-a37d-6e001b3eef54,Cooling,74,216,9.489357|3.000000|0.000000,9.794321775436401,3.0,9.577792|3.000000|0.000000,4.943788|3.000000|1.000000,3,0.361426,N/A,5
MOGP_NSGAII,caab267c-e80c-11f0-a37d-6e001b3eef54,Cooling,74,217,9.489357|3.000000|0.000000,9.562796115875244,3.0,9.577792|3.000000|0.000000,4.943788|3.000000|1.000000,3,0.361426,N/A,5
MOGP_NSGAII,caab267c-e80c-11f0-a37d-6e001b3eef54,Cooling,74,218,9.489357|3.000000|0.000000,9.216488122940063,3.0,9.577792|3.000000|0.000000,4.943788|3.000000|1.000000,3,0.361426,N/A,5
MOGP_NSGAII,caab267c-e80c-11f0-a37d-6e001b3eef54,Cooling,74,219,9.489357|3.000000|0.000000,9.65846300125122,3.0,9.577792|3.000000|0.000000,4.943788|3.000000|1.000000,3,0.361426,N/A,5
MOGP_NSGAII,caab267c-e80c-11f0-a37d-6e001b3eef54,Cooling,74,220,9.489357|3.000000|0.000000,9.40689992904663,3.0,9.577792|3.000000|0.000000,4.943788|3.000000|1.000000,3,0.361426,N/A,5
MOGP_NSGAII,caab267c-e80c-11f0-a37d-6e001b3eef54,Cooling,74,221,9.489357|3.000000|0.000000,9.623270034790039,3.0,9.577792|3.000000|0.000000,4.943788|3.000000|1.000000,3,0.361426,N/A,5
MOGP_NSGAII,caab267c-e80c-11f0-a37d-6e001b3eef54,Cooling,74,222,9.489357|3.000000|0.000000,9.413709163665771,3.0,9.577792|3.000000|0.000000,4.943788|3.000000|1.000000,3,0.361426,N/A,5
MOGP_NSGAII,caab267c-e80c-11f0-a37d-6e001b3eef54,Cooling,74,223,9.489357|3.000000|0.000000,9.5677649974823,3.0,9.577792|3.000000|0.000000,4.943788|3.000000|1.000000,3,0.361426,N/A,5
MOGP_NSGAII,caab267c-e80c-11f0-a37d-6e001b3eef54,Cooling,74,224,9.489357|3.000000|0.000000,9.464119911193848,3.0,9.577792|3.000000|0.000000,4.943788|3.000000|1.000000,3,0.361426,N/A,5
MOGP_NSGAII,caab267c-e80c-11f0-a37d-6e001b3eef54,Cooling,74,225,9.489357|3.000000|0.000000,9.514620780944824,3.0,9.577792|3.000000|0.000000,4.943788|3.000000|1.000000,3,0.361426,N/A,5
MOGP_NSGAII,caab267c-e80c-11f0-a37d-6e001b3eef54,Cooling,74,226,9.489357|3.000000|0.000000,9.447825908660889,3.0,9.577792|3.000000|0.000000,4.943788|3.000000|1.000000,3,0.361426,N/A,5
MOGP_NSGAII,caab267c-e80c-11f0-a37d-6e001b3eef54,Cooling,74,227,9.489357|3.000000|0.000000,9.383827209472656,3.0,9.577792|3.000000|0.000000,4.943788|3.000000|1.000000,3,0.361426,N/A,5
MOGP_NSGAII,caab267c-e80c-11f0-a37d-6e001b3eef54,Cooling,74,228,9.489357|3.000000|0.000000,9.233789205551147,3.0,9.577792|3.000000|0.000000,4.943788|3.000000|1.000000,3,0.361426,N/A,5
MOGP_NSGAII,caab267c-e80c-11f0-a37d-6e001b3eef54,Cooling,74,229,9.489357|3.000000|0.000000,9.682944059371948,3.0,9.577792|3.000000|0.000000,4.943788|3.000000|1.000000,3,0.361426,N/A,5
MOGP_NSGAII,caab267c-e80c-11f0-a37d-6e001b3eef54,Cooling,74,230,9.489357|3.000000|0.000000,9.545800924301147,3.0,9.577792|3.000000|0.000000,4.943788|3.000000|1.000000,3,0.361426,N/A,5
MOGP_NSGAII,caab267c-e80c-11f0-a37d-6e001b3eef54,Cooling,74,231,9.489357|3.000000|0.000000,9.438379049301147,3.0,9.577792|3.000000|0.000000,4.943788|3.000000|1.000000,3,0.361426,N/A,5
MOGP_NSGAII,caab267c-e80c-11f0-a37d-6e001b3eef54,Cooling,74,232,9.489357|3.000000|0.000000,9.738198041915894,3.0,9.577792|3.000000|0.000000,4.943788|3.000000|1.000000,3,0.361426,N/A,5
MOGP_NSGAII,caab267c-e80c-11f0-a37d-6e001b3eef54,Cooling,74,233,9.489357|3.000000|0.000000,9.525545835494995,3.0,9.577792|3.000000|0.000000,4.943788|3.000000|1.000000,3,0.361426,N/A,5
MOGP_NSGAII,caab267c-e80c-11f0-a37d-6e001b3eef54,Cooling,74,234,9.489357|3.000000|0.000000,9.558601140975952,3.0,9.577792|3.000000|0.000000,4.943788|3.000000|1.000000,3,0.361426,N/A,5
MOGP_NSGAII,caab267c-e80c-11f0-a37d-6e001b3eef54,Cooling,74,235,9.489357|3.000000|0.000000,9.812808990478516,3.0,9.577792|3.000000|0.000000,4.943788|3.000000|1.000000,3,0.361426,N/A,5
MOGP_NSGAII,caab267c-e80c-11f0-a37d-6e001b3eef54,Cooling,74,236,9.489357|3.000000|0.000000,9.405277729034424,3.0,9.577792|3.000000|0.000000,4.943788|3.000000|1.000000,3,0.361426,N/A,5
MOGP_NSGAII,caab267c-e80c-11f0-a37d-6e001b3eef54,Cooling,74,237,9.489357|3.000000|0.000000,9.481224775314331,3.0,9.577792|3.000000|0.000000,4.943788|3.000000|1.000000,3,0.361426,N/A,5
MOGP_NSGAII,caab267c-e80c-11f0-a37d-6e001b3eef54,Cooling,74,238,9.489357|3.000000|0.000000,9.42305302619934,3.0,9.577792|3.000000|0.000000,4.943788|3.000000|1.000000,3,0.361426,N/A,5
MOGP_NSGAII,caab267c-e80c-11f0-a37d-6e001b3eef54,Cooling,74,239,9.489357|3.000000|0.000000,9.571632862091064,3.0,9.577792|3.000000|0.000000,4.943788|3.000000|1.000000,3,0.361426,N/A,5
MOGP_NSGAII,caab267c-e80c-11f0-a37d-6e001b3eef54,Cooling,74,240,9.489357|3.000000|0.000000,9.41157579421997,3.0,9.577792|3.000000|0.000000,4.943788|3.000000|1.000000,3,0.361426,N/A,5
MOGP_NSGAII,caab267c-e80c-11f0-a37d-6e001b3eef54,Cooling,74,241,9.489357|3.000000|0.000000,9.626843929290771,3.0,9.577792|3.000000|0.000000,4.943788|3.000000|1.000000,3,0.361426,N/A,5
MOGP_NSGAII,caab267c-e80c-11f0-a37d-6e001b3eef54,Cooling,74,242,9.489357|3.000000|0.000000,9.749024152755737,3.0,9.577792|3.000000|0.000000,4.943788|3.000000|1.000000,3,0.361426,N/A,5
MOGP_NSGAII,caab267c-e80c-11f0-a37d-6e001b3eef54,Cooling,74,243,9.489357|3.000000|0.000000,9.492542028427124,3.0,9.577792|3.000000|0.000000,4.943788|3.000000|1.000000,3,0.361426,N/A,5
MOGP_NSGAII,caab267c-e80c-11f0-a37d-6e001b3eef54,Cooling,74,244,9.489357|3.000000|0.000000,9.75983715057373,3.0,9.577792|3.000000|0.000000,4.943788|3.000000|1.000000,3,0.361426,N/A,5
MOGP_NSGAII,caab267c-e80c-11f0-a37d-6e001b3eef54,Cooling,74,245,9.489357|3.000000|0.000000,9.685317277908325,3.0,9.577792|3.000000|0.000000,4.943788|3.000000|1.000000,3,0.361426,N/A,5
MOGP_NSGAII,caab267c-e80c-11f0-a37d-6e001b3eef54,Cooling,74,246,9.489357|3.000000|0.000000,9.64618182182312,3.0,9.577792|3.000000|0.000000,4.943788|3.000000|1.000000,3,0.361426,N/A,5
MOGP_NSGAII,caab267c-e80c-11f0-a37d-6e001b3eef54,Cooling,74,247,9.489357|3.000000|0.000000,9.734496116638184,3.0,9.577792|3.000000|0.000000,4.943788|3.000000|1.000000,3,0.361426,N/A,5
MOGP_NSGAII,caab267c-e80c-11f0-a37d-6e001b3eef54,Cooling,74,248,9.489357|3.000000|0.000000,9.480934858322144,3.0,9.577792|3.000000|0.000000,4.943788|3.000000|1.000000,3,0.361426,N/A,5
MOGP_NSGAII,caab267c-e80c-11f0-a37d-6e001b3eef54,Cooling,74,249,9.489357|3.000000|0.000000,9.640873908996582,3.0,9.577792|3.000000|0.000000,4.943788|3.000000|1.000000,3,0.361426,N/A,5
MOGP_NSGAII,caab267c-e80c-11f0-a37d-6e001b3eef54,Cooling,74,250,9.489357|3.000000|0.000000,9.559331893920898,3.0,9.577792|3.000000|0.000000,4.943788|3.000000|1.000000,3,0.361426,N/A,5
